
strategic_region={
	id=100
	name="STRATEGICREGION_100"
	provinces={
		7666 7696 7713 7731 7737 7743 7746 7752 7779 7793 7798 7817 7822 7830 7841 7845 7856 7875 7888 7908 7937 8006 8016 8020 8041 8047 8074 8083 8109 8130 8154 8160 8194 8203 8210 8223 8267 8270 8284 8383 8443 8482 8521 8589 8617 8628 8661 8705 8748 8749 8757 8816 8833 8838 8868 8898 8931 8961 9048 9075 9114 9126 9134 9197 9221 9293 9330 9353 9428 9444 9469 9513 9555 9558 9570 9579 9603 9613 9616 9643 9648 9654 9659 9665 9730 9741 9769 9889 9898 9923 9976 10051 10060 10085 10102 10139 
	}
	weather={
	}
}
