
strategic_region={
	id=16
	name="STRATEGICREGION_16"
	provinces={
		143 228 317 437 500 615 726 779 814 949 1019 1046 1048 1157 1282 1338 1371 1389 1416 1422 1498 1538 1629 1632 1674 1750 1802 1940 1992 2026 2083 2174 2208 2215 2227 2264 2294 2326 2366 2483 2508 2512 2543 2548 2562 2599 2604 2624 2701 2710 2863 2972 3051 3104 3131 3147 3151 3167 3180 3188 3208 3259 3319 3367 3371 3379 3407 3448 3542 3588 3609 3700 3705 3722 3726 3735 3736 3772 3783 3784 3879 3896 3897 4039 4042 4053 4080 4090 4135 4165 4175 4219 4257 4314 4378 4404 4495 4536 4546 4572 4606 4634 4663 4669 4687 4753 4853 6804 6817 6833 6870 6879 6880 6888 6897 6898 6899 6900 6903 6905 6909 6930 6931 6934 6941 6950 6952 6956 6968 6979 6981 6985 6992 6997 7006 7022 7027 7033 7034 7043 7048 7051 7059 7065 7074 7075 7081 7084 7088 7098 7104 7109 7124 7125 7135 7141 7142 7149 7151 7169 7176 7183 7190 7192 7195 7198 7205 7207 7209 7216 7220 7224 7227 7229 7231 7239 
	}
	weather={
	}
}
