
strategic_region={
	id=19
	name="STRATEGICREGION_19"
	provinces={
		89 99 117 150 187 290 295 306 369 535 682 733 849 854 908 1014 1211 1212 1221 1231 1275 1307 1439 1590 1653 1670 1694 1779 1947 1987 2066 2156 2509 2535 2555 2572 2621 2676 2695 2715 2719 2790 2868 2970 2992 3055 3063 3139 3162 3184 3251 3300 3340 3355 3370 3426 3466 3525 3540 3565 3600 3681 3951 3953 3996 4093 4182 4233 4515 4541 4574 4593 4601 4712 4779 4835 4841 5706 5714 5719 5732 5742 5747 5748 5751 5755 5756 5760 5768 5770 5771 5780 5781 5784 5791 5795 5796 5806 5807 5809 5818 5819 5820 5829 5833 5843 5847 5851 5854 5856 5866 5876 5877 5878 5915 5917 5931 5934 5938 5958 5968 5988 6008 6012 6013 6019 6042 6048 10305 
	}
	weather={
	}
}
