
strategic_region={
	id=20
	name="STRATEGICREGION_20"
	provinces={
		3 4 23 34 48 53 66 71 78 79 95 103 113 129 158 180 195 238 250 288 324 325 338 383 402 442 443 481 485 567 598 624 678 681 725 777 783 799 813 817 827 829 841 845 872 887 928 980 1005 1039 1061 1076 1112 1152 1177 1185 1227 1350 1367 1387 1393 1449 1469 1522 1626 1627 1688 1692 1735 1736 1760 1892 1956 1971 2005 2031 2064 2114 2142 2160 2187 2188 2214 2333 2343 2361 2363 2374 2383 2386 2418 2437 2439 2473 2553 2554 2563 2567 2629 2673 2726 2759 2764 2808 2853 2908 2945 2966 3089 3204 3228 3287 3301 3382 3480 3575 3656 3657 3733 3866 3884 3925 3931 3961 3978 4017 4055 4153 4191 4196 4308 4317 4328 4346 4395 4836 4843 5093 5129 5168 5172 5180 5197 5204 5216 5220 5238 5256 5269 5272 5294 5317 5341 5344 5387 5399 5410 5428 5512 5534 5608 5651 5681 5728 5886 5966 5972 5983 6010 6091 6220 6239 6464 6557 6603 6623 10304 10317 
	}
	weather={
	}
}
