
strategic_region={
	id=4
	name="STRATEGICREGION_4"
	provinces={
		44 199 525 649 830 925 1022 1136 1239 1526 1721 1899 2190 2334 2732 2781 2886 2934 2963 2964 3091 3097 3141 3260 3305 3476 3497 3677 3842 3887 3889 3936 3973 4069 4107 4150 4246 4250 4253 4421 4441 4510 4521 4549 4643 4683 4698 4726 4734 4788 4846 6216 6262 6270 6298 6303 6311 6324 6327 6339 6344 6348 6352 6357 6367 6368 6376 6407 6408 6415 6421 6429 6438 6439 6448 6457 6474 6477 6480 6495 6514 6531 6542 6545 6567 6584 6589 7612 7614 
	}
	weather={
	}
}
