
strategic_region={
	id=5
	name="STRATEGICREGION_5"
	provinces={
		32 62 182 245 321 349 358 408 555 633 661 687 718 723 839 910 995 1045 1091 1226 1229 1260 1269 1305 1309 1333 1562 1630 1757 2011 2090 2101 2102 2145 2176 2206 2220 2223 2287 2325 2538 2558 2560 2723 2739 2800 2928 3102 3175 3205 3297 3375 3496 3519 3614 3646 3667 3725 3742 3752 3806 3829 3886 3894 3994 4204 4259 4262 4280 4355 4426 4462 4473 4538 4563 4580 4581 4618 4635 4664 4670 4677 4696 4724 4840 6755 6781 6786 6792 6796 6798 6807 6815 6823 6827 6838 6840 6849 6850 6861 6864 6865 6873 6881 6882 6893 6902 6910 6911 6912 6916 6918 6919 6921 6925 6926 6946 6953 6954 6959 6964 6966 6969 6971 6977 6982 6986 6987 6993 6998 6999 7024 7025 7029 7032 7036 7056 7066 7071 7080 7091 7096 7099 7107 7116 7121 7129 7150 7157 7166 7171 7172 7193 7214 7225 
	}
	weather={
	}
}
