
strategic_region={
	id=59
	name="STRATEGICREGION_59"
	provinces={
		20 64 122 131 157 169 237 244 264 268 308 327 335 364 373 410 412 459 472 478 526 550 622 643 653 667 670 695 705 716 790 792 793 796 840 847 855 877 886 896 909 926 929 938 971 1004 1024 1043 1089 1133 1150 1167 1200 1216 1218 1228 1253 1256 1273 1290 1324 1329 1356 1402 1414 1417 1423 1436 1442 1453 1488 1524 1537 1552 1553 1558 1646 1679 1684 1698 1722 1733 1748 1769 1784 1845 1847 1871 1897 1908 1915 1920 1928 1955 2033 2053 2062 2136 2155 2169 2237 2249 2255 2258 2313 2331 2351 2405 2428 2458 2463 2564 2575 2578 2606 2658 2727 2786 2793 2903 2910 2962 2996 3039 3044 3115 3176 3193 3267 3308 3351 3557 3572 3601 3622 3651 3698 3703 3718 3719 3761 3764 3799 3863 3888 3902 3912 3963 4029 4036 4056 4067 4161 4178 4186 4198 4343 4344 4347 4409 4550 4554 4597 4616 4689 7241 7254 7262 7267 7272 7276 7283 7288 7289 7294 7297 7298 7299 7305 7307 7308 7309 7315 7317 7322 7325 7328 7341 7343 7354 7361 7369 7371 7374 7375 7379 7387 7396 7415 7416 7423 7424 7429 7452 7454 7459 7460 7474 7482 7483 7497 7627 7628 7631 7637 10327 10329 10330 
	}
	weather={
	}
}
