
strategic_region={
	id=60
	name="STRATEGICREGION_60"
	provinces={
		12 31 108 185 206 330 334 350 391 420 463 489 490 536 589 698 860 891 913 920 939 951 973 1000 1001 1021 1090 1224 1276 1385 1394 1427 1446 1602 1617 1645 1710 1946 1978 1986 2032 2054 2085 2086 2123 2128 2135 2265 2311 2412 2420 2456 2464 2651 2866 2911 3037 3064 3072 3252 3276 3298 3322 3384 3399 3694 3763 3840 3862 3873 3911 3974 3983 4010 4014 4094 4299 4327 4360 4562 4594 4639 4682 7242 7250 7255 7268 7271 7274 7278 7279 7280 7285 7293 7295 7300 7301 7304 7312 7316 7320 7321 7326 7327 7334 7335 7344 7349 7351 7352 7357 7358 7359 7360 7366 7367 7372 7376 7377 7388 7391 7392 7399 7400 7403 7407 7414 7420 7624 7625 7629 7630 
	}
	weather={
	}
}
