
strategic_region={
	id=66
	name="STRATEGICREGION_66"
	provinces={
		22 69 277 323 341 354 393 517 531 573 597 602 651 662 679 680 699 703 732 756 802 812 852 862 881 936 956 992 1025 1040 1055 1069 1097 1144 1215 1259 1306 1352 1556 1599 1619 1678 1700 1701 1711 1783 1787 1800 1811 1903 1938 1969 2006 2103 2124 2133 2203 2225 2230 2241 2242 2323 2353 2377 2475 2511 2513 2592 2622 2628 2637 2730 2744 2772 2776 2782 2827 2832 2900 2971 3121 3128 3182 3186 3199 3327 3463 3503 3545 3754 3924 3971 4000 4018 4025 4059 4092 4144 4282 4296 4476 4482 4588 4692 4771 4796 4833 5929 6057 6086 6094 6097 6157 6161 6165 6179 6188 6203 6204 6206 6210 6223 6236 6237 6241 6245 6251 6252 6267 6279 6301 6314 6351 6363 6432 6433 6452 6461 6478 6492 6493 6510 6523 6526 6562 6565 6596 6616 10303 
	}
	weather={
	}
}
