
strategic_region={
	id=7
	name="STRATEGICREGION_7"
	provinces={
		17 110 258 282 415 451 455 503 582 591 648 686 761 873 888 1102 1336 1480 1494 1587 1608 1671 1724 1764 1785 1796 1834 1864 1989 2158 2278 2391 2474 2502 2514 2515 2574 2678 2696 2702 2712 2814 2946 2954 2981 2987 3010 3025 3029 3138 3181 3220 3283 3360 3422 3549 3550 3560 3587 3655 3723 3792 3945 3946 4040 4082 4123 4340 4357 4384 4398 4422 4434 4439 4501 4666 4770 4852 5868 5885 5893 5898 5900 5901 5913 5922 5927 5928 5947 5962 5969 5982 5986 5993 5994 5997 5998 6003 6009 6016 6021 6026 6028 6029 6040 6049 6050 6051 6056 6062 6073 6080 6093 6103 6107 6108 6115 6117 6125 6127 6135 6137 6152 6159 6187 6192 6193 6194 6199 6205 6207 6208 6212 6219 6226 6234 6235 6247 6271 6275 6276 6307 6318 7611 
	}
	weather={
	}
}
