
strategic_region={
	id=71
	name="STRATEGICREGION_71"
	provinces={
		18 76 128 222 454 577 580 592 618 693 730 749 751 755 782 786 803 825 837 875 892 934 993 997 1047 1079 1107 1166 1179 1237 1258 1302 1328 1378 1420 1459 1475 1476 1478 1521 1528 1559 1568 1633 1634 1707 1742 1754 1775 1808 1810 1833 1913 1939 2045 2081 2084 2089 2125 2172 2182 2183 2185 2196 2210 2356 2364 2479 2506 2579 2607 2644 2662 2690 2740 2789 2799 2816 2838 2875 2891 2933 2938 2974 3000 3062 3150 3216 3225 3231 3233 3253 3330 3336 3341 3373 3408 3414 3430 3457 3474 3485 3562 3594 3628 3636 3645 3648 3714 3731 3737 3741 3748 3753 3788 3826 3828 3899 3903 3923 3976 3981 3989 4015 4023 4024 4030 4035 4063 4077 4103 4130 4145 4160 4197 4199 4241 4294 4300 4302 4313 4316 4323 4333 4374 4376 4391 4405 4407 4445 4478 4488 4543 4544 4582 4583 4587 4622 4626 4673 4675 4676 4679 4691 4716 4744 4760 4764 4767 4784 4845 4924 4935 4945 4956 4959 4979 4983 4987 4994 5001 5002 5017 5039 5042 5053 5055 5056 5061 5070 5074 5075 5077 5078 5079 5081 5089 5090 5103 5107 5110 5111 5117 5120 5125 5133 5134 5136 5151 5154 5155 5156 5162 5167 5169 5174 5175 5181 5182 5183 5184 5194 5198 5199 5201 5203 5208 5213 5214 5223 5225 5226 5229 5234 5237 5245 5249 5252 5255 5257 5261 5262 5263 5266 5268 5275 5278 5285 5288 5289 5295 5296 5298 5299 5300 5301 5302 5306 5310 5312 5314 5316 5318 5319 5327 5328 5330 5332 5334 5335 5342 5347 5348 5349 5353 5356 5357 5360 5362 5363 5366 5368 5370 5377 5379 5381 5383 5397 5400 5406 5425 5429 5433 
	}
	weather={
	}
}
