
strategic_region={
	id=73
	name="STRATEGICREGION_73"
	provinces={
		46 280 283 299 322 395 641 645 697 748 780 859 1217 1319 1386 1507 1545 1717 1741 1862 1967 1974 1976 2024 2072 2259 2260 2300 2349 2357 2371 2389 2419 2425 2632 2650 2748 2767 2795 2872 2957 3080 3248 3310 3318 3349 3364 3561 3639 3747 3838 3847 3898 3917 3977 4020 4028 4152 4164 4179 4203 4269 4305 4325 4458 4490 4710 4757 5185 5191 5202 5207 5217 5222 5228 5236 5239 5240 5244 5254 5258 5264 5265 5270 5273 5274 5277 5280 5287 5292 5297 5311 5315 5329 5331 5338 5340 5345 5359 5365 5373 5378 5382 5391 5394 5395 5396 5402 5409 5411 5417 5420 5424 5431 5435 5441 5442 5446 5447 5448 5450 5452 5459 5466 5467 5468 5469 5471 5472 5474 5475 5477 5481 5489 5493 5495 5499 5500 5505 5507 5522 10315 
	}
	weather={
	}
}
