
strategic_region={
	id=74
	name="STRATEGICREGION_74"
	provinces={
		371 413 441 486 549 574 613 696 757 865 976 1099 1298 1345 1398 1520 1690 1887 1919 1921 2025 2224 2315 2327 2342 2373 2460 2468 2482 2526 2530 2605 2630 2642 2660 2689 2785 2811 2840 2862 2877 2904 2930 2993 3021 3085 3086 3123 3130 3142 3168 3178 3202 3274 3280 3288 3311 3346 3357 3468 3495 3679 3715 3816 3823 3839 3860 3959 4105 4193 4210 4216 4298 4348 4429 4444 4453 4461 4463 4464 4496 4512 4614 4633 4695 4704 4729 4754 4804 4834 4839 4919 4929 4930 4937 4938 4940 4951 4952 4953 4958 4960 4963 4966 4967 4969 4971 4975 4976 4977 4980 4981 4982 4985 4988 4989 4991 4992 4995 4999 5004 5006 5007 5008 5010 5012 5014 5018 5019 5021 5025 5026 5027 5030 5032 5036 5037 5040 5041 5044 5046 5048 5050 5051 5060 5065 5066 5067 5068 5071 5072 5073 5080 5082 5083 5086 5087 5095 5096 5097 5098 5099 5101 5102 5105 5106 5109 5113 5114 5119 5122 5124 5130 5132 5135 5140 5142 5148 5149 5153 5159 5165 5166 5173 5193 10313 
	}
	weather={
	}
}
