
strategic_region={
	id=75
	name="STRATEGICREGION_75"
	provinces={
		25 38 135 167 468 532 561 1049 1105 1110 1155 1203 1236 1285 1294 1296 1519 1663 1738 1743 1827 1855 1922 2039 2055 2129 2140 2162 2198 2239 2318 2443 2489 2537 2546 2601 2619 3001 3004 3068 3074 3160 3285 3328 3332 3458 3507 3535 3552 3591 3635 3693 4073 4089 4158 4255 4266 4309 4326 4380 4396 4413 4530 4610 4659 4674 4713 4763 4824 4831 4854 4855 4856 4857 4858 4860 4861 4862 4864 4865 4866 4867 4868 4869 4870 4871 4872 4873 4875 4876 4877 4879 4880 4881 4882 4883 4884 4885 4887 4888 4889 4891 4892 4893 4895 4896 4897 4898 4899 4900 4901 4902 4903 4904 4905 4906 4907 4908 4909 4910 4911 4913 4914 4915 4917 4918 4920 4921 4922 4923 4926 4927 4928 4932 4939 4941 4942 4946 4947 4948 4954 4961 4968 4972 4973 4978 4990 10311 
	}
	weather={
	}
}
