
strategic_region={
	id=76
	name="STRATEGICREGION_76"
	provinces={
		7 51 56 70 118 121 140 193 210 221 224 243 270 343 361 366 405 427 447 530 544 554 569 605 654 655 715 808 866 876 880 890 903 912 919 924 937 975 999 1044 1072 1085 1124 1156 1161 1184 1192 1206 1230 1233 1252 1280 1347 1366 1381 1409 1437 1502 1503 1543 1544 1560 1589 1598 1607 1654 1667 1669 1675 1683 1689 1697 1730 1755 1766 1794 1809 1853 1874 1879 1905 1963 1979 2094 2119 2151 2186 2232 2240 2282 2290 2329 2375 2409 2501 2505 2524 2542 2573 2648 2679 2703 2714 2774 2817 2824 2831 2833 2871 2883 3016 3042 3049 3067 3077 3135 3152 3196 3215 3232 3270 3302 3303 3321 3359 3395 3428 3440 3493 3577 3598 3678 3804 3813 3817 3846 3867 3893 3939 4013 4016 4022 4068 4106 4127 4149 4268 4311 4393 4403 4423 4527 4529 4533 4566 4576 4630 4640 4781 4851 4859 4863 4874 4878 4886 4890 4894 4912 4916 4925 4933 4936 4944 4949 4950 4957 4964 4970 5000 5011 5013 5016 5020 5022 5031 5035 5054 5058 5069 5076 5092 5104 5112 5118 5143 5147 5150 5152 5186 5188 5205 5206 5210 5227 5242 5243 5267 5309 5313 5323 5324 5371 5404 10308 10309 10312 
	}
	weather={
	}
}
