
strategic_region={
	id=82
	name="STRATEGICREGION_82"
	provinces={
		7664 7700 7709 7767 7802 7813 7819 7896 8023 8050 8106 8140 8190 8204 8226 8280 8350 8353 8384 8393 8409 8411 8489 8497 8545 8558 8619 8722 8753 8756 8759 8775 8825 8832 8839 8891 8954 8972 9004 9027 9049 9084 9167 9199 9223 9260 9347 9374 9421 9523 9528 9544 9568 9619 9673 9706 9715 9720 9740 9743 9817 9850 9926 9936 9949 9966 10167 10175 10193 10194 10208 10210 10227 10228 10246 10248 10269 10278 10280 10295 
	}
	weather={
	}
}
