
strategic_region={
	id=84
	name="STRATEGICREGION_84"
	provinces={
		7663 7698 7732 7757 7775 7801 7810 7824 7835 7836 7915 7929 7948 7954 7964 7965 7997 8018 8049 8091 8095 8123 8137 8163 8172 8176 8256 8278 8283 8311 8365 8374 8378 8424 8462 8474 8500 8504 8509 8510 8514 8520 8575 8602 8605 8662 8692 8710 8744 8783 8785 8787 8842 8844 8882 8889 8916 8938 8952 8970 8973 9010 9014 9038 9070 9115 9117 9131 9153 9192 9208 9213 9218 9266 9301 9302 9315 9359 9371 9372 9391 9407 9416 9426 9470 9471 9491 9529 9559 9587 9592 9599 9612 9622 9641 9773 9815 9837 9861 9900 9903 9910 9911 9927 9943 9984 9989 10095 10099 10114 10121 10123 10130 10131 10144 10150 10158 10188 10197 
	}
	weather={
	}
}
