
strategic_region={
	id=91
	name="STRATEGICREGION_91"
	provinces={
		7660 7710 7730 7735 7778 7794 7806 7821 7827 7861 7865 7877 7944 7968 7993 8025 8039 8043 8059 8073 8078 8150 8237 8242 8259 8285 8290 8400 8442 8450 8475 8496 8554 8595 8717 8798 8848 8852 8877 8911 8934 8966 9040 9122 9135 9170 9185 9209 9240 9267 9296 9319 9429 9430 9478 9493 9509 9510 9538 9556 9586 9671 9704 9744 9762 9814 9845 9847 9962 9991 9993 10219 10225 10235 10238 10241 10250 10251 10253 10254 10258 10261 10265 10270 10279 10287 
	}
	weather={
	}
}
